2
176
304
317
353
441
459
587
658
789
822
915
1238
1626
1828
1979
2076
2126
2264
2500
2531
2537
2640
2936
3007
3057
3294
3332
3458
3520
3535
3594
3708
3757
3780
3936
4055
4142
4251
4344
4398
4480
4691
4726
4757
4767
5077
5129
5153
5239
5483
5649
5792
5914
5950
6241
6247
6294
6389
6416
6438
6607
6803
6851
7025
7136
7143
7155
7234
7266
7452
7498
7577
7923
8012
8045
8065
8106
8180
8409
8512
8617
8637
8847
8957
9062
9236
9324
9404
9426
9470
9665
10037
10221
10382
10488
10958
10970
11048
11058
11065
11072
11121
11188
11264
11314
11349
11402
11507
11614
11841
11943
11995
12208
12286
12358
12738
12775
12946
13181
13194
13252
13359
13409
13528
13531
13622
13852
13971
14082
14344
14444
14461
14480
14513
14574
14607
14869
14967
15085
15105
15175
15274
15278
15482
15701
15753
15758
15777
15843
15990
16178
16242
16352
16353
16356
16520
16540
16541
16637
16785
16844
16854
16942
16996
17036
17114
17151
17384
17390
17450
17727
17882
18064
18223
18564
18744
18746
18799
19002
19037
19051
19218
19245
19265
19745
19997
20155
20159
20169
20339
20402
20673
20714
20738
20889
20941
21094
21099
21210
21290
21328
21399
21667
21725
21752
21781
21823
21870
22165
22324
22491
22545
22768
23053
23137
23208
23278
23399
23582
23780
23856
23886
24053
24134
24382
24458
24717
24889
24980
25053
25084
25208
25342
25427
25705
25768
25898
25902
25979
26006
26042
26115
26247
26320
26325
26340
26361
26418
26488
26604
26702
26819
27181
27272
27350
27355
27440
27572
27576
27636
27759
27990
28038
28092
28285
28316
28361
28412
28444
28581
28648
28722
28813
29187
29211
29275
29399
29405
29582
29895
30026
30064
30172
30241
30249
30442
30592
30621
30631
30731
31007
31020
31066
31139
31148
31252
31301
31398
31492
31600
31697
31835
31966
32048
32049
32124
32128
32139
32159
32197
32233
32404
32447
32507
32681
32714
32826
33145
33208
33376
33492
33563
33632
33686
33690
33748
33773
33801
33950
33983
34041
34042
34110
34143
34205
34254
34567
34631
34660
34665
34871
34921
34952
35044
35137
35193
35204
35223
35230
35389
35502
35653
35665
35739
35849
35908
35959
35963
35971
36172
36323
36391
36481
36535
36551
36562
36693
36817
36841
36863
37056
37334
37365
37402
37763
37772
38100
38163
38278
38420
38482
38525
38620
38724
38748
38787
38908
38934
38950
39278
39303
39318
39404
39462
39893
39949
40036
40167
40264
40274
40419
40446
40475
40486
40598
40607
40641
40715
40796
40928
41172
41242
41248
41259
41558
41582
41664
41754
41774
41798
41819
41947
41956
42077
42117
42162
42285
42441
42631
42660
42717
42780
42834
42847
42957
43179
43202
43210
43216
43219
43363
43530
43575
43584
43691
43946
43994
44075
44077
44150
44180
44327
44364
44429
44450
44725
44972
45045
45077
45096
45171
45317
45370
45375
45466
45496
45616
45682
45717
45782
45940
45967
46039
46220
46274
46295
46358
46840
47363
47445
47676
47949
47979
48100
48154
48395
48469
48606
48715
48751
48823
48921
48994
49474
49497
49554
49677
49748
49754
4
271
282
502
543
643
732
960
1017
1129
1345
1351
1396
1565
1652
1712
1808
1843
1993
2124
2217
2250
2368
2591
2664
2787
2908
2998
3168
3275
3441
3553
3724
4109
4162
4165
4171
4232
4244
4309
4348
4969
4987
4995
5135
5356
5365
5366
5479
5513
5537
5590
5690
5775
5811
5850
5892
5986
6088
6206
6316
6395
6483
6504
6648
6767
6893
7058
7135
7367
7383
7480
7552
7685
7849
7974
7997
8192
8353
8431
8599
8713
8752
8772
8835
8967
9004
9057
9164
9165
9352
9388
9391
9418
9498
9790
9850
9884
9908
10010
10138
10151
10293
10300
10444
10550
10637
10806
11051
11098
11213
11622
11876
12095
12179
12218
12238
12413
12461
12545
12609
12778
12796
12847
12974
13073
13221
13389
13424
13631
13644
13779
13789
13878
13934
13954
13964
14050
14150
14341
14531
14606
14656
14692
14750
14834
14931
15180
15334
15416
15466
15517
15553
15597
15635
15713
15723
15778
15859
15923
15940
16282
16398
16469
16504
16588
16629
16665
16752
16966
17009
17015
17084
17120
17321
17336
17350
17742
17817
17849
18023
18050
18126
18149
18248
18355
18592
18824
18827
18862
19089
19114
19164
19260
19322
19325
19678
19721
19761
19776
19879
19987
20090
20127
20298
20479
20520
20544
20566
20635
20781
20947
20972
21155
21168
21271
21298
21467
21619
21755
21848
22043
22143
22205
22368
22428
22524
22616
22657
22775
22859
23036
23285
23420
23459
23514
23518
23552
23984
24191
24306
24410
24512
24575
24858
24916
24922
24948
25218
25367
25375
25691
25949
25974
26030
26086
26099
26124
26214
26254
26334
26959
27152
27208
27227
27254
27280
27365
27480
27485
27655
27936
27954
27983
28068
28069
28112
28125
28126
28189
28293
28301
28320
28603
28686
28905
29089
29098
29154
29178
29218
29302
29322
29363
29411
29513
29928
30118
30161
30194
30195
30214
30433
30434
30523
30664
30783
30798
30928
30931
30953
31084
31103
31177
31328
31360
31513
31617
31695
31716
31773
31799
31826
31952
31999
32065
32176
32317
32666
32752
32884
33071
33461
33601
33655
34043
34115
34331
34379
34408
34606
34678
34919
35107
35555
35710
35826
36168
36171
36266
36282
36320
36399
36569
36666
36781
36894
36953
36969
37025
37197
37322
37390
37564
37742
37877
37923
38154
38180
38181
38182
38247
38283
38359
38686
38904
38998
39167
39291
39375
39423
39424
39455
39673
39694
39770
39988
40071
40152
40372
40410
40442
40532
40670
40729
40836
40921
40959
41001
41032
41114
41141
41308
41352
41356
41577
41762
41828
41842
41860
41889
41909
41939
42038
42145
42278
42419
42672
42750
42767
42835
42863
42897
42932
42934
42948
43016
43213
43369
43448
43477
43522
43670
43724
43882
43886
44037
44148
44352
44355
44386
44406
44434
44443
44461
44611
44625
44654
44693
44775
44776
44798
44857
45011
45073
45118
45245
45440
45643
45973
46024
46097
46226
46328
46345
46390
46434
46455
46851
46920
47008
47058
47481
47716
47764
47926
48041
48075
48093
48200
48413
48450
48456
48486
48536
48888
48946
48998
49050
49209
49445
49624
49675
49682
49726
49765
49820
49877
49919
49971
202
260
308
382
562
580
795
1106
1195
1198
1511
1664
1696
1705
1778
1784
1804
1837
1879
1895
1899
2009
2051
2192
2352
2668
2729
2858
2902
2925
3072
3112
3613
3725
3821
3878
3891
3998
4020
4031
4382
4621
4747
4750
4861
5019
5164
5180
5229
5335
5390
5417
5480
5487
5661
5802
5853
5921
6223
6313
6471
6707
6817
6878
6901
6923
6975
7066
7258
7440
7465
7474
7614
7733
7802
7854
7877
7891
8100
8335
8636
8681
8720
8955
9095
9192
9242
9243
9321
9580
9773
9964
10134
10227
10320
10367
10701
10858
10878
11042
11054
11139
11267
11364
11384
11654
11679
11684
11833
11884
11903
11911
12037
12074
12114
12324
12363
12467
12503
12605
12616
12617
12762
12852
12956
13008
13017
13113
13261
13469
13524
13634
13714
13956
13969
13978
13980
14001
14048
14087
14116
14256
14263
14366
14428
14499
14642
14946
14975
15134
15620
15670
15946
15987
16187
16332
16339
16587
16627
16717
16964
17456
17606
17767
17910
18026
18029
18033
18124
18198
18227
18277
18297
18300
18527
18548
18725
18739
18763
18931
18974
19072
19074
19076
19186
19216
19819
19852
20058
20257
20274
20389
20415
20458
20468
20509
20511
20709
20891
21014
21056
21174
21199
21617
21817
21948
22121
22125
22171
22388
22417
22572
22662
22665
22705
22754
22766
22800
22838
22897
22984
23021
23185
23209
23451
23678
23774
23970
24014
24074
24149
24511
24578
24648
24679
24733
24759
24918
25014
25061
25129
25207
25220
25222
25402
25496
25853
25861
25947
26051
26125
26310
26483
26718
26960
26987
27042
27156
27331
27334
27394
27432
27478
27595
27627
27661
27687
27771
27810
27863
27959
28097
28215
28392
28398
28575
28641
28642
28769
28816
28950
29239
29307
29625
29629
29693
29798
29817
29905
29938
30024
30093
30122
30134
30140
30200
30289
30359
30376
30511
30742
30812
30919
30942
30983
31106
31151
31268
31300
31383
31505
31542
31575
31638
31647
31691
31842
31873
32137
32270
32496
32596
32688
32906
32941
33042
33073
33194
33218
33251
33304
33361
33503
33625
33637
33811
33878
33889
33952
33977
33986
34266
34272
34551
34814
35048
35171
35326
35509
35587
35590
35801
35883
35886
35921
36119
36249
36345
36533
36627
36747
36830
36858
36874
37015
37080
37163
37187
37214
37287
37431
37487
37530
37557
37559
37758
37788
37797
37913
37926
37934
37960
38011
38155
38198
38345
38437
38518
38575
38684
38781
38793
39118
39297
39442
39624
39700
39783
39801
39825
39828
39974
40001
40101
40200
40338
40511
40643
40800
41030
41095
41119
41266
41309
41335
41385
41391
41473
41550
41632
41669
41725
41746
41812
41867
42024
42059
42080
42084
42302
42490
42518
42808
42839
42852
43003
43072
43228
43473
43505
43644
43744
43993
44051
44070
44102
44202
44346
44607
44740
44899
44911
45205
45363
45372
45445
45522
45543
45815
45968
46050
46441
46672
46707
46874
46946
46971
46974
46991
47251
47261
47390
47421
47437
47443
47462
47521
47559
47621
47725
47741
47847
47937
47959
48224
48437
48538
48579
48645
48670
48779
49012
49117
49211
49547
49601
49608
49707
49862
49976
342
360
383
386
395
612
679
744
939
943
1174
1283
1324
1338
1350
1421
1637
1650
1653
1925
1961
1995
2085
2227
2241
2380
2412
2421
2459
2549
2698
2710
2773
2898
3074
3083
3124
3145
3193
3585
3643
3661
3678
3729
3835
3887
3966
4049
4353
4364
4410
4456
4585
5173
5292
5321
5360
5646
5687
5964
5973
6056
6281
6415
6644
6709
6868
6896
7088
7090
7183
7404
7546
7625
8019
8020
8152
8278
8333
8365
8594
8596
8945
9155
9214
9434
9459
9526
9563
9701
9731
9826
9843
9867
9937
10100
10161
10473
10513
10782
10812
11138
11252
11355
11416
11447
11506
11510
11629
11659
11771
11792
11794
11979
12034
12076
12097
12156
12237
12517
12671
12955
13146
13193
13302
13331
13486
13579
13581
13706
13735
13911
13987
14054
14199
14443
14550
15002
15012
15107
15203
15292
15293
15311
15394
15558
15625
15902
15937
15949
15954
16011
16061
16113
16147
16490
16734
16773
16836
16881
16998
17001
17196
17288
17431
17546
17628
17687
17795
17820
17862
17895
18006
18092
18156
18216
18286
18509
18562
19050
19215
19323
19433
19469
19480
19566
19635
19779
19840
19869
19936
20023
20048
20189
20266
20380
20572
20654
20655
20741
20805
20834
21045
21086
21176
21232
21334
21358
21505
21541
21545
21791
21860
21904
21908
22038
22079
22088
22147
22283
22502
22521
22606
22646
22702
22961
23083
23120
23166
23178
23421
23456
23619
23796
23842
23952
24207
24264
24273
24414
24428
24478
24486
24568
24656
24856
24976
25000
25034
25179
25224
25253
25259
25328
25385
25552
25763
26005
26014
26033
26142
26514
26526
26531
26588
26602
26708
26818
26885
26930
26986
26990
27153
27189
27270
27281
27337
27354
27363
27383
27442
27542
27605
27705
27787
27931
28034
28220
28248
28410
28473
28639
28728
28743
28899
28954
28978
28981
29114
29323
29341
29385
29505
29509
29583
29832
29907
30279
30441
30461
30690
30741
30876
30884
30893
31107
31198
31240
31304
31400
31416
31431
31510
31526
31660
32158
32242
32428
32480
32575
32619
32967
33022
33035
33038
33092
33347
33381
33403
33699
33715
33795
33800
33946
33956
34113
34136
34283
34483
34525
34556
34638
34671
34749
35315
35335
35382
35435
35441
35799
35822
35835
35854
35919
36021
36102
36403
36463
36556
36589
36618
36930
36936
37007
37028
37171
37474
37532
37630
37641
37660
37718
37825
37852
37887
37956
37965
38233
38292
38657
38683
38723
39033
39102
39200
39347
39517
39650
40064
40211
40228
40237
40302
40314
40708
40840
40850
40983
41049
41083
41126
41128
41139
41446
41470
41498
41714
41841
41905
41989
42005
42022
42451
42578
42608
42924
42954
42975
43125
43162
43319
43339
43587
43701
43748
43990
44290
44319
44397
44716
44785
44826
44846
44867
44961
45025
45051
45058
45220
45270
45475
45515
45583
45601
45603
45970
46110
46182
46189
46319
46351
46392
46518
46551
46584
46726
46881
46916
46958
47026
47301
47394
47395
47409
47446
47454
47588
47625
48036
48132
48182
48197
48266
48268
48363
48422
48459
48520
48586
48665
48730
48804
48849
49091
49376
49380
49924
49954
49969
49997
102
113
145
389
488
638
651
825
916
951
954
993
995
1148
1180
1205
1302
1308
1636
1729
1767
1892
1929
2139
2429
2582
2601
2711
2769
2866
2943
2949
3067
3080
3107
3213
3230
3310
3423
3470
3654
3779
3801
3822
3865
3875
3951
4021
4051
4125
4304
4449
4472
4474
4588
4704
4813
4846
4851
4865
4899
5034
5139
5273
5481
5490
5493
5519
5542
5677
5841
5880
6051
6514
6565
6591
6834
6854
6925
6993
7015
7017
7031
7083
7178
7270
7290
7372
7524
7595
7682
7819
7841
7932
7936
8008
8040
8179
8292
8462
8616
8848
8946
9218
9380
9487
9579
9833
10058
10061
10066
10074
10099
10104
10243
10416
10417
10518
10650
10882
10983
11038
11074
11182
11257
11359
11665
11687
11798
11950
11985
12053
12078
12122
12233
12526
12529
12645
12802
12897
12928
12963
13029
13211
13253
13422
13442
13454
13503
13693
13695
13836
14058
14305
14436
14549
14691
14727
14826
14865
14996
15063
15073
15117
15120
15423
15442
15559
15585
15681
15703
15766
15812
16016
16148
16201
16210
16923
16974
17147
17197
17304
17509
17693
17704
17802
17903
18393
18400
18449
18460
19094
19118
19181
19191
19554
19597
19620
19801
19967
20039
20078
20332
20413
20446
20583
20620
20699
20735
20804
20970
21069
21103
21109
21342
21579
21645
21951
21967
22002
22138
22274
22450
22647
22660
22732
22736
22782
22843
23270
23361
23505
23853
23909
24046
24154
24228
24293
24358
24545
24619
24635
24809
24923
25090
25099
25134
25399
25413
25514
25973
26299
26319
26476
26580
26646
26714
26809
27019
27056
27242
27342
27417
27514
27551
27560
27607
27678
27761
27884
27902
27921
28116
28139
28205
28527
28529
28576
28584
28628
28682
28953
29036
29170
29225
29391
29495
29496
29663
29840
30185
30288
30335
30378
30665
30683
30771
30853
31043
31311
31321
31801
31822
32066
32117
32185
32331
32771
32837
32866
32876
33003
33004
33174
33177
33267
33272
33312
33329
33634
33689
33791
33793
33850
33880
33996
34109
34225
34426
34433
34481
34630
34743
34784
34888
34974
35006
35028
35361
35390
35445
35576
35641
35649
35690
35775
35868
35882
36030
36063
36124
36232
36241
36339
36340
36371
36395
36429
36472
36710
36715
36753
36801
37030
37049
37055
37057
37075
37227
37238
37339
37381
37434
37547
37609
37645
37771
38039
38059
38204
38272
38364
38565
38612
38786
39258
39400
39730
39748
40009
40048
40069
40204
40230
40296
40386
40558
40588
40659
40736
40753
40758
40806
40917
41304
41403
41481
41542
41557
41626
41665
41705
41747
41796
41904
41995
42042
42050
42222
42333
42349
42467
42509
42661
42727
42842
42844
42869
42937
43098
43151
43232
43247
43260
43286
43420
43490
43660
43786
43897
43943
43969
43974
44104
44162
44176
44200
44237
44258
44264
44413
44568
44629
44872
45151
45163
45268
45292
45367
45436
45465
45545
45625
45664
45780
45934
46138
46155
46310
46335
46523
46589
46743
46937
46978
46992
47019
47109
47125
47133
47355
47410
47596
47622
47681
47757
48043
48172
48332
48414
48926
48971
49000
49186
49250
49252
49257
49483
49720
49929
285
319
409
464
542
620
647
706
710
721
766
804
920
926
1092
1213
1233
1352
1386
1411
1441
1479
1510
1735
1755
1858
1974
2107
2345
2375
2418
2517
2783
2856
2857
3160
3263
3592
3755
3805
4039
4124
4151
4178
4247
4313
4340
4402
4553
4594
4662
4836
4896
5187
5188
5215
5302
5575
5716
5960
6371
6400
6422
6424
6462
6563
6583
6641
6756
6785
7054
7201
7203
7308
7349
7353
7389
7481
7529
7667
7720
7798
7887
8273
8351
8538
8618
8634
8661
8724
8748
8785
8833
8968
8978
9180
9366
9379
9413
9454
9471
9571
9597
9666
9690
9719
9755
9810
9849
9984
10084
10145
10191
10220
10257
10319
10692
11119
11181
11428
11852
11902
12187
12377
12719
12788
12814
12997
13199
13200
13232
13254
13304
13317
13463
13466
13519
13841
13876
14028
14402
14530
14555
14617
14788
14794
14917
15035
15049
15053
15124
15295
15348
15354
15392
15607
15970
16020
16058
16103
16256
16307
16480
16528
16708
16721
16730
16768
16919
16950
16967
17187
17205
17429
17502
17589
17750
17759
17824
17924
18411
18575
18754
18844
18916
19317
19347
19355
19465
19473
19520
19531
19575
19609
19640
19670
19741
19751
19922
19991
20083
20307
20469
20589
20621
20759
20808
20953
20966
21264
21530
21540
21564
21585
21603
21641
21789
21883
21922
22119
22430
22440
22473
22559
22563
22626
22883
22904
23018
23087
23252
23266
23307
23315
23367
23515
23743
23773
23814
23837
23905
23944
24055
24146
24392
24432
24786
24895
24911
25020
25042
25055
25066
25180
25250
25267
25412
25488
25614
25752
25754
25783
26062
26187
26207
26316
26362
26717
27089
27628
27807
28377
28448
28491
28552
28557
28594
28646
28729
28834
28867
29133
29242
29268
29446
29576
29676
29726
29778
29889
29948
30075
30100
30534
30595
30609
30682
30698
30734
31011
31208
31369
31621
31627
31669
31744
31839
31887
31979
32314
32332
32538
32588
32636
32675
32707
32879
32903
32913
32986
33045
33213
33496
33549
33561
33624
33666
33701
33740
33815
33951
34312
34382
34480
34508
34531
34542
34557
34710
34788
34927
35087
35220
35306
35363
35520
35545
35597
35667
36044
36155
36166
36465
36524
36604
36822
36883
36919
37132
37170
37264
37310
37325
37386
37392
37480
37793
38036
38136
38401
38406
38419
38433
38460
38568
38764
38847
38986
38989
39008
39023
39051
39122
39125
39328
39573
39663
39687
39796
39865
39870
40024
40046
40058
40132
40135
40280
40470
40507
40613
40683
40750
40774
40900
40933
41077
41270
41324
41427
41490
41562
41615
41793
41942
42252
42284
42306
42360
42489
42520
42562
42566
42874
43030
43097
43214
43267
43595
43619
43628
43684
43966
44065
44098
44185
44359
44381
44396
44501
44548
44600
44662
44736
44811
44844
44905
44966
45089
45264
45480
45557
45630
45672
45727
45964
46047
46088
46117
46120
46219
46239
46298
46344
46496
46694
46787
46839
46892
47123
47131
47230
47505
47511
47569
47590
47657
47756
47920
47955
48230
48292
48545
48677
48701
48906
48967
49110
49122
49125
49139
49168
49175
49441
49584
49591
49711
49813
49834
49903
49955
55
288
429
618
714
763
1009
1159
1201
1320
1415
1474
1599
1600
1666
1699
1762
2006
2017
2121
2518
2620
2649
3031
3223
3551
3832
3919
4286
4459
4739
4826
4853
4952
5219
5410
5535
5604
5832
5838
5852
5877
6226
6237
6262
6404
6439
6582
6816
6910
6917
7096
7154
7311
7467
7487
7633
7856
8015
8077
8133
8221
8370
8561
8684
9079
9493
9879
9929
10231
10237
10250
10334
10398
11088
11211
11398
11410
11434
11521
11557
11745
11962
11982
12070
12164
12174
12234
12257
12302
12316
12330
12432
12770
12885
13037
13166
13220
13680
13721
13752
13790
13898
13994
14099
14104
14161
14216
14252
14326
14373
14589
14721
14747
14926
15088
15264
15269
15472
15546
16428
16456
16460
16492
16585
16601
16737
16763
16771
16874
16981
17045
17177
17226
17234
17301
17457
17458
17489
17637
17735
17784
17809
17836
17914
18262
18269
18508
18585
18597
18603
18742
18887
18979
19068
19195
19264
19313
19358
19497
19542
19560
19659
19897
19909
19935
19964
20133
20370
20433
20672
20736
20878
20916
21016
21330
21415
21428
21456
21508
21577
21593
21604
21716
21946
22035
22055
22066
22246
22383
22405
22511
22537
22539
22724
22772
22809
22877
23254
23387
23470
23480
23612
23657
23658
23794
23893
24102
24106
24245
24253
24457
24521
24544
24551
24620
24832
24833
25027
25088
25174
25210
25246
25257
25338
25414
25473
25499
25543
25634
25874
25980
25995
26028
26180
26268
26366
26420
26675
26872
26874
27003
27311
27369
27434
27682
27766
27791
27818
27907
28016
28017
28061
28104
28255
28399
28407
28482
28507
28510
28578
28779
28812
28857
28875
29085
29127
29193
29291
29387
29403
29436
29444
29558
29768
29795
30004
30138
30155
30180
30252
30398
30419
30566
30577
30610
30651
30670
30681
30685
30811
30886
31096
31111
31156
31182
31184
31257
31351
31356
31546
31584
31802
31817
31837
31877
31893
31914
31937
31978
32006
32148
32248
32290
32391
32409
32545
32546
32566
32578
32813
32885
32887
33034
33064
33077
33109
33111
33244
33259
33278
33497
33505
33819
33822
34034
34061
34169
34185
34256
34323
34509
34629
34768
34796
34872
34950
34991
34992
35001
35025
35141
35185
35216
35217
35544
35613
35784
35800
36254
36267
36354
36474
36545
36596
36737
36786
36903
36968
36992
37106
37226
37269
37295
37309
37346
37581
37621
37670
37679
37838
37842
37905
38001
38111
38144
38304
38340
38409
38520
38670
38739
38845
38848
38888
38990
39127
39285
39418
39512
39685
39698
39806
39901
40008
40401
40425
40665
40694
40740
40780
40809
40819
40842
41015
41136
41245
41529
41569
41647
41886
42055
42085
42130
42459
42605
42630
42632
42684
42735
42748
42831
42919
43139
43188
43299
43355
43542
43568
43666
43704
43734
43783
43822
43921
44035
44421
44426
44477
44515
44592
44824
44888
44934
44989
44994
45078
45296
45387
45507
45669
46016
46057
46065
46135
46365
46471
46485
46636
46706
46819
46823
46904
46913
47011
47083
47426
47575
47600
47940
48240
48305
48351
48404
48405
48447
48537
48560
48589
48798
48913
48919
48945
48981
49107
49143
49329
49352
49592
49856
178
290
309
377
393
420
482
606
805
961
1015
1035
1054
1134
1219
1321
1409
1517
1592
1936
1981
2149
2161
2164
2204
2356
2386
2443
2497
3087
3152
3224
3237
3239
3257
3285
3375
3431
3476
3618
3723
3810
3846
3857
3963
4000
4085
4235
4275
4498
4572
4823
4884
4966
4978
5212
5279
5440
5516
5718
5819
5995
6138
6367
6399
6561
6616
6679
6792
6856
7002
7110
7173
7226
7237
7376
7420
7672
7686
7910
7938
7978
8110
8238
8262
8306
8368
8444
8716
8810
9118
9226
9229
9501
9625
9765
9779
9816
9862
10072
10190
10271
10272
10376
10407
10590
10729
10755
10929
11197
11540
11548
11628
11767
11952
12124
12134
12202
12293
12448
12773
12780
13097
13162
13177
13286
13297
13436
13476
13928
13962
13985
13986
14013
14352
14470
14553
14678
14701
14762
14903
15042
15097
15099
15137
15202
15238
15243
15382
15496
15591
15631
15699
15748
15764
15852
15991
16029
16035
16260
16378
16463
16537
16558
16951
16968
17286
17356
17493
17571
17607
17791
17832
18009
18111
18207
18432
18441
18513
18589
18599
18659
18677
18878
18896
18920
18989
19233
19272
19279
19348
19407
19419
19432
19549
19960
19980
20181
20284
20355
20361
20475
20561
20569
20596
20722
21212
21476
21660
21694
21886
21893
22006
22007
22078
22150
22332
22446
22475
22487
22695
22759
22784
23066
23198
23354
23393
23752
23862
24582
24631
24755
24869
24877
24934
24978
25231
25539
25583
25681
25690
25785
25806
25813
25968
25989
26002
26031
26064
26112
26164
26394
26443
26563
26573
26593
26640
26886
26967
27018
27051
27103
27113
27159
27251
27520
27563
27712
27726
27749
27778
27874
27940
28079
28106
28111
28235
28243
28351
28363
28778
29018
29222
29293
29382
29449
29590
29691
29697
29732
29789
29867
30061
30121
30165
30171
30265
30443
30554
30772
30784
30796
30814
30891
30918
30963
31101
31134
31307
31359
31399
31534
31549
31650
31658
31684
31764
31769
31829
31840
31942
32032
32339
32730
32791
32909
33138
33204
33207
33222
33239
33269
33714
34078
34137
34181
34209
34244
34285
34406
34424
35079
35135
35159
35290
35399
35405
35498
35574
35626
35781
35841
35960
36222
36382
36420
36487
36663
36670
36892
36934
36966
36978
36995
37071
37361
37389
37445
37460
37477
37565
37623
37663
37815
38132
38254
38408
38429
38438
38531
38690
38804
38876
39250
39366
39476
39511
39555
39756
39818
39832
40006
40040
40099
40128
40129
40131
40343
40357
40476
40504
40734
40778
40805
40820
40919
40967
41017
41071
41100
41213
41285
41370
41409
41588
41605
41616
41650
41862
42052
42099
42116
42172
42288
42461
42560
42669
42870
42898
43201
43273
43315
43643
43668
43675
44032
44080
44096
44210
44437
44445
44497
44801
44823
44856
44860
44890
45003
45221
45289
45423
45430
45434
45508
45534
45770
45809
45825
45889
45984
46051
46073
46095
46130
46153
46202
46235
46307
46353
46653
46769
46952
47049
47101
47102
47136
47435
47914
47924
47954
48087
48190
48272
48297
48406
48696
48861
49119
49164
49220
49282
49317
49460
49567
49627
49808
49896
49939
49996
49998
16
30
130
219
298
575
663
921
964
984
996
1023
1114
1158
1255
1290
1362
1457
1555
1564
1747
1818
2010
2079
2105
2163
2599
2838
2852
2973
3053
3228
3286
3566
3584
3597
3616
3653
3954
4207
4212
4221
4291
4320
4367
4437
4448
4600
4690
4838
4900
4911
4921
5001
5033
5152
5213
5352
5375
5386
5566
5588
5640
5757
5759
5830
5866
5886
6070
6092
6222
6293
6330
6386
6519
6540
6701
6832
6903
7101
7105
7119
7120
7137
7161
7229
7255
7286
7362
7517
7699
7715
7946
8153
8191
8222
8355
8408
8509
8545
8674
8715
8744
8780
8933
9006
9066
9074
9094
9101
9132
9230
9317
9356
9439
9518
9534
9572
9614
9615
9650
9657
9827
9972
10098
10468
10477
10504
10523
10762
10794
10798
10951
11106
11229
11381
11383
11388
11451
11617
11653
11717
11751
11789
11819
11955
12023
12188
12231
12296
12767
12964
13089
13295
13298
13327
13482
13582
13684
13692
13716
13772
13809
13879
14027
14067
14254
14312
14369
14485
14551
14783
14786
15036
15108
15177
15267
15361
15385
15444
15600
15641
15733
15756
15867
16015
16185
16271
16285
16402
16416
16448
16479
16565
16568
16606
16660
16800
16839
17049
17125
17250
17257
17310
17373
17379
17471
17481
17517
17540
17730
17971
18164
18232
18322
18327
18556
18664
18671
18794
18796
18831
18951
19021
19152
19154
19511
19518
19628
19675
19925
19933
19941
19958
20397
20548
20580
20733
20982
21945
21956
21959
22005
22028
22116
22173
22237
22303
22304
22403
22516
22535
22661
22748
22793
22811
22852
22862
22948
22967
23335
23351
23603
23616
23669
23715
23763
23888
23986
24411
24467
24501
24570
24655
24723
25035
25326
25509
25568
25640
26060
26108
26114
26173
26185
26216
26228
26371
26468
26487
26529
26549
26635
26648
26948
26971
27008
27134
27198
27219
27233
27274
27301
27306
27326
27345
27375
27425
27526
27691
27747
27808
28014
28067
28311
28500
28530
28559
28698
29044
29185
29351
29430
29550
29923
29966
29988
30526
30584
30971
31026
31105
31181
31209
31230
31381
31476
31528
31654
31779
31882
31889
32023
32143
32183
32320
32321
32392
32551
32573
32713
32842
32849
32999
33025
33075
33078
33226
33385
33388
33544
33548
33609
33858
33948
34172
34346
34354
34391
34413
34500
34563
34644
34717
34719
34794
34882
34945
35094
35210
35211
35212
35238
35252
35368
35552
35617
35695
35813
35817
36188
36269
36286
36493
36512
36744
36996
37024
37081
37439
37469
37517
37539
37560
37594
37733
37814
37912
37918
37958
38017
38126
38229
38391
38915
39117
39157
39276
39380
39445
39632
39754
39967
40041
40081
40156
40189
40248
40455
40537
40561
40686
40951
41343
41548
41735
42056
42107
42154
42315
42499
42539
42570
42613
42768
42856
42892
43033
43052
43316
43343
43412
43422
43434
43464
43468
43550
43559
43573
43688
43847
44423
44543
44666
44709
45233
45449
45461
45489
45605
45638
45673
45676
45692
45769
46106
46157
46161
46186
46203
46389
46570
46899
46922
47175
47344
47469
47510
47519
47567
47792
48045
48198
48553
49151
49172
49192
49485
49578
49962
53
220
398
433
660
761
1039
1165
1319
1375
1551
1752
1812
1876
1962
2172
2249
2647
2921
2964
3132
3194
3226
3371
3593
3752
4045
4231
4327
4355
4404
4425
4477
4783
4795
4907
4960
4968
5007
5047
5140
5157
5209
5259
5614
5670
5671
5683
5864
5883
6069
6506
6602
6613
6691
6872
6933
6945
6962
7100
7106
7246
7555
7868
7971
7998
8042
8111
8204
8307
8313
8374
8540
8542
8576
8590
8714
8837
8898
8925
9016
9097
9109
9125
9131
9138
9178
9202
9397
9531
9547
9575
9667
9805
9890
9920
9933
9993
10119
10212
10226
10846
10860
11067
11269
11274
11333
11396
11601
11686
11705
11776
12031
12222
12274
12356
12405
12508
12680
12691
12693
12849
12878
12993
13145
13275
13385
13400
13462
13632
13668
13698
13736
13754
13777
13866
14003
14040
14188
14442
14521
14587
14612
14790
14991
15112
15199
15244
15464
15525
15658
15755
15786
15985
15993
16048
16249
16270
16369
16470
16501
16533
16619
17080
17153
17168
17203
17218
17401
17756
17845
17867
17970
17981
18045
18139
18184
18408
18465
18571
18733
18968
19031
19055
19079
19148
19328
19362
19456
19536
19538
19600
19603
19626
19804
19838
19856
20347
20505
20582
20643
20680
20702
20717
20726
20831
21040
21051
21299
21323
21325
21447
21560
21840
21936
21977
22196
22423
22462
22513
22871
22911
22930
23055
23194
23279
23303
23357
23403
23495
23769
24119
24185
24243
24290
24419
24464
24504
24989
25184
25192
25340
25404
25420
25471
25570
25725
26186
26302
26354
26470
26554
26567
26617
26678
26685
26747
26881
27011
27026
27080
27197
27230
27333
27408
27495
27650
27765
27909
28137
28458
28501
28522
28547
28759
28826
28874
29038
29221
29344
29486
29557
29601
30001
30139
30224
30367
30369
30542
30718
30833
31079
31085
31149
31188
31191
31242
31302
31349
31463
31474
31520
31531
31565
31573
31699
31703
31777
31981
32024
32145
32292
32310
32460
32516
32581
32659
32882
32890
32958
33018
33311
33363
33469
33547
33710
33879
33884
33966
34038
34059
34149
34179
34180
34293
34491
34604
34657
34658
34712
34890
34904
35043
35057
35083
35182
35341
35354
35410
35465
35537
35604
35672
35684
35743
35922
36101
36120
36125
36258
36408
36425
36431
36495
36594
36658
36678
36756
36951
36970
37449
37515
37518
37607
37666
37766
37865
37927
37931
38000
38269
38353
38621
38863
38983
39011
39240
39336
39391
39556
39572
39616
39657
39771
39886
39887
39917
39925
40030
40119
40555
40610
40703
40717
40731
40821
40902
40938
40982
41026
41059
41168
41201
41232
41258
41271
41376
41478
41509
41539
41610
41724
41948
42016
42203
42211
42318
42447
42510
42590
42658
42832
42967
43089
43180
43332
43582
43760
43924
43958
43980
44039
44690
44810
44832
44906
45087
45097
45128
45150
45155
45193
45207
45242
45314
45332
45378
45790
46018
46199
46356
46402
46460
46470
46716
46742
46763
46780
46807
46945
47128
47174
47217
47223
47294
47368
47382
47551
47579
47729
47828
48002
48168
48256
48338
48470
48524
48599
48638
48640
48666
48878
48961
49020
49413
49655
49694
49780
49910
49925
244
307
328
385
532
889
942
966
1173
1355
1489
1579
1587
1645
1799
1897
1989
2078
2127
2237
2342
2387
2559
2600
3059
3198
3258
3379
3380
3468
3655
3682
3889
3934
4026
4064
4089
4405
4563
4642
4673
4776
4797
4818
4850
4908
4956
4972
5193
5218
5416
5696
5745
5947
6042
6203
6210
6240
6372
6426
6427
6569
6642
6844
7005
7006
7142
7179
7299
7302
7335
7406
7429
7443
7459
7476
7596
7712
7864
7878
7941
8011
8048
8456
8458
8612
8707
8853
9044
9183
9209
9250
9386
9703
9931
10062
10280
10322
10577
10639
10742
10788
10822
10869
10955
11185
11218
11486
11496
11586
11858
12093
12266
12347
12402
12442
12472
12547
12703
12759
12816
12959
13032
13080
13343
13488
13552
13554
13628
13766
13948
14035
14072
14149
14179
14231
14237
14253
14384
14588
14719
14830
15122
15222
15286
15693
15741
15759
15854
16071
16153
16202
16321
16433
16560
16740
16781
17207
17256
17323
17344
17408
17436
17652
17711
17829
17835
17875
17980
18247
18346
18347
18361
18383
18605
18948
19042
19153
19446
19470
19477
19503
19864
19940
20052
20186
20233
20280
20374
20421
20708
20793
21164
21167
21556
21699
21720
21811
21994
22069
22107
22136
22325
22370
22387
22400
22437
22474
22586
22611
22697
22765
22832
22934
23112
23133
23295
23317
23324
23498
23512
23651
23675
23844
23922
24282
24296
24302
24530
24563
24614
24639
24793
24920
24971
25111
25426
25501
25516
25555
25639
25845
26039
26106
26126
26231
26252
26298
26300
26424
26550
26651
26742
26744
27275
27578
27581
27903
27957
27969
28084
28091
28098
28166
28187
28225
28233
28393
28748
28944
29045
29099
29107
29141
29191
29328
29329
29346
29406
29651
29819
29868
29954
30042
30083
30101
30127
30225
30498
30637
30717
30791
30969
31047
31075
31410
31460
31504
31681
31803
32162
32244
32515
32658
32763
32907
32932
33315
33356
33383
33399
33623
33628
33663
33723
33749
33805
34064
34081
34132
34308
34374
34524
34601
34647
34792
35081
35241
35346
35434
35677
35787
36019
36023
36051
36313
36528
36677
36762
36784
36896
36955
36971
36990
37077
37078
37211
37277
37486
37551
37570
37647
37726
37823
37959
38032
38253
38293
38844
39016
39040
39086
39239
39263
39342
39434
39503
39752
39793
39855
39914
39934
39956
39975
40049
40123
40203
40268
40286
40354
40448
40544
40585
40624
40651
40662
40706
40788
40830
40883
40975
40997
41041
41067
41296
41318
41325
41389
41430
41451
41459
41461
41543
41596
41600
41795
41961
42166
42371
42380
42493
42496
42544
42675
42810
42813
42860
42866
43248
43256
43295
43313
43321
43340
43377
43492
43589
43599
43754
44056
44135
44165
44171
44562
44605
44711
44734
44752
44786
44873
44875
45053
45122
45195
45216
45526
45738
45740
45942
45944
45992
46140
46201
46245
46313
46526
46530
46800
46802
46808
46809
46846
46869
47052
47065
47147
47187
47240
47288
47293
47341
47552
47644
47655
47712
47912
47936
47995
48000
48217
48223
48258
48264
48339
48756
48762
48795
48922
48927
48942
49077
49103
49273
49280
49394
49415
49428
49516
49753
49857
3
37
46
114
181
228
242
254
273
355
367
387
559
563
599
672
722
855
878
900
940
1004
1249
1368
1518
1520
1605
1916
1986
2011
2093
2270
2293
2419
2423
2588
2707
2717
3037
3227
3253
3383
3433
3695
3719
3882
3964
3999
4011
4040
4135
4276
4415
4443
4558
4637
4740
4890
4897
4981
5078
5109
5117
5154
5246
5327
5387
5435
5602
5619
5631
5660
5823
6167
6740
6841
6874
6913
6948
6949
6988
7112
7265
7310
7313
7331
7458
7562
7580
7693
7840
7885
8142
8245
8326
8359
8464
8593
8646
8690
8719
8995
9023
9090
9139
9505
9600
9624
9649
9689
9838
9903
9914
9926
10015
10207
10278
10710
10712
10723
10855
10971
11040
11325
11432
11456
11620
11909
11954
12152
12203
12230
12481
12642
12916
13197
13202
13259
13356
13383
13508
13550
13773
13814
13999
14218
14224
14242
14300
14314
14340
14349
14397
14548
14560
14597
14632
14955
15133
15227
15383
15406
15473
15490
15539
15581
15593
15769
15806
15831
15865
15981
15992
16042
16055
16218
16350
16391
16447
16452
16473
16572
16581
16918
17242
17298
17346
17426
17486
17635
17722
17744
17876
17889
18011
18035
18196
18236
18714
18762
18808
18825
18829
18860
19281
19396
19768
19914
20008
20085
20273
20769
20895
20921
20960
21104
21133
21137
21272
21407
21486
21793
21862
22062
22764
22841
22898
22969
23010
23079
23173
23258
23292
23415
23452
23592
23604
23647
23961
24045
24208
24227
24231
24361
24613
24702
24805
24807
24815
24840
24853
24883
25131
25217
25373
25486
25567
25673
25702
25756
25830
25957
26093
26122
26263
26381
26414
26462
26880
26917
26940
26993
27079
27173
27340
27364
27368
27413
27590
27864
28281
28418
28452
28606
28632
28711
28785
28789
29202
29263
29279
29388
29500
29549
29573
29646
29728
29771
29976
30009
30176
30347
30355
30508
30516
30603
30744
30745
30748
30878
31024
31073
31219
31241
31409
31495
31569
31998
32003
32087
32422
32466
32563
32911
33024
33080
33108
33113
33115
33220
33257
33440
33486
33546
33575
33594
33743
33747
33782
33844
33937
34199
34359
34494
34795
34837
34900
34908
35050
35117
35122
35130
35464
35769
35838
35873
36031
36056
36058
36089
36167
36180
36488
36611
36649
36685
36767
37058
37463
37688
37878
37899
38024
38183
38189
38203
38219
38577
38713
38884
38925
39025
39077
39213
39259
39356
39381
39427
39441
39484
39545
39638
39791
39843
39845
39856
39899
39916
40016
40051
40057
40147
40362
40434
40533
40608
40675
40730
40893
40971
41113
41137
41156
41194
41625
41653
41666
42478
42551
42754
42755
42793
42983
43085
43198
43515
43637
43831
43971
44058
44073
44178
44218
44239
44245
44269
44325
44430
44492
44634
44667
44726
44735
44746
44933
44945
45026
45297
45300
45509
45524
45658
45868
46021
46122
46123
46198
46269
46438
46491
46524
46703
46736
46926
47201
47252
47431
47759
47836
48106
48120
48142
48152
48212
48237
48342
48393
48407
48465
48642
48759
48825
48891
49024
49105
49123
49221
49327
49465
49480
49482
49494
49514
49520
49530
49539
49579
49803
49930
49950
179
294
345
371
588
696
753
811
862
1016
1040
1084
1162
1230
1275
1365
1370
1384
1418
1728
1777
1805
1877
2189
2269
2483
2509
3064
3278
3287
3381
3605
3622
3689
3811
3841
4115
4133
4187
4423
4424
4525
4611
5111
5343
5367
5371
5408
5550
5562
5609
5796
5937
5983
6003
6031
6076
6189
6217
6289
6702
6784
6833
6835
6918
7074
7325
7350
7601
7604
7669
7825
7988
7992
8024
8232
8325
8400
8421
8425
8682
8695
8749
8816
8832
8839
8889
8938
9017
9076
9136
9203
9466
9574
10034
10279
10307
10558
10784
10797
10809
10907
10998
11012
11022
11224
11244
11378
11403
11450
11482
11572
11573
11590
11612
11613
11783
11860
11891
11957
11959
12005
12123
12178
12333
12497
12551
12676
12787
12799
13033
13087
13285
13408
13517
13818
13991
14134
14136
14194
14320
14371
14411
14538
14684
14878
14933
15081
15144
15159
15663
15685
15934
16043
16370
16677
16829
16869
16898
16943
17074
17175
17176
17334
17359
17548
17653
17752
17890
17965
18010
18082
18392
18434
18549
18568
18638
18688
18814
18873
18956
18965
18980
19093
19108
19160
19177
19275
19663
19739
20119
20126
20192
20193
20317
20567
20605
20958
21150
21355
21364
21432
21464
21580
21658
21748
21827
22029
22039
22290
22342
22493
22553
22658
22943
23014
23072
23154
23271
23297
23322
23444
23626
23655
23748
23918
23920
24113
24144
24250
24292
24312
24355
24388
24436
24447
24451
24860
24896
25148
25392
25459
25498
25527
25743
25921
26080
26138
26192
26477
26527
26578
26704
26720
26837
26922
26974
27029
27145
27430
27528
27596
27597
27781
27811
27942
28089
28134
28276
28318
28332
28395
28536
28645
28653
28676
28780
28961
28998
29075
29123
29254
29310
29316
29337
29378
29569
29820
29854
29908
29977
29982
30051
30070
30222
30374
30392
30416
30424
30649
30778
30781
30954
30986
30987
31104
31165
31179
31193
31537
31540
31901
32030
32060
32119
32131
32132
32184
32254
32406
32528
32556
32598
32743
32783
33072
33142
33410
33452
33517
33524
33652
33816
33947
33995
34027
34032
34040
34054
34370
34410
34440
34457
34510
34973
35089
35168
35181
35276
35420
35476
35516
35827
35842
35972
36175
36264
36285
36299
36360
36386
36392
36410
36469
36590
36615
36717
36964
37103
37291
37292
37306
37398
37904
37906
38015
38044
38087
38207
38221
38396
38424
38619
38635
38675
38916
38958
38979
39319
39469
39518
39575
39692
39710
39732
39882
39977
39981
40165
40221
40814
40877
40992
41125
41138
41148
41260
41361
41432
41561
41716
41827
41832
41910
41980
42089
42143
42152
42231
42328
42376
42440
42462
42635
42691
42797
42798
42942
43012
43043
43048
43070
43155
43259
43279
43389
43424
43466
43467
43517
43739
43787
43916
43929
44036
44212
44602
44851
44876
45174
45340
45549
45609
45655
45806
45883
45989
46094
46205
46397
46456
46529
46611
46690
46788
46907
46930
46940
47025
47276
47402
47504
47605
47691
47796
47972
48056
48315
48415
48423
48513
48529
48710
48740
48787
48914
48968
49004
49044
49078
49138
49188
49215
49331
49421
49556
49639
49696
49977
49981
240
286
421
427
694
723
786
1138
1161
1176
1287
1746
1779
1817
1907
1984
1991
2471
2626
2654
2691
2696
2865
2944
3096
3187
3267
3300
3528
3536
3621
3637
3668
3720
3798
3803
3908
4157
4206
4359
4931
4950
5058
5108
5136
5147
5175
5243
5411
5612
5627
5763
5837
5839
5881
5942
5981
6134
6190
6265
6354
6408
6529
6637
6665
7195
7223
7268
7397
7411
7422
7509
7572
7899
7950
7977
8013
8090
8203
8277
8357
8600
8665
8892
8932
9039
9149
9427
9578
9627
9663
9954
10031
10130
10242
10298
10325
10362
10399
10535
10615
10658
10735
10751
10848
10952
11291
11298
11343
11395
11592
11733
11815
11834
11870
12091
12379
12452
12466
12655
12664
12685
12809
12810
12900
12937
12975
12979
13144
13171
13185
13203
13214
13306
13321
13329
13496
13536
13819
14025
14298
14299
14301
14452
14496
14652
14740
14856
14998
15015
15336
15722
15725
15779
15785
15795
15895
15928
16053
16406
16602
16607
17223
17287
17651
17782
17848
17997
18285
18290
18334
18365
18481
18504
18976
19064
19213
19445
19537
19762
19772
19841
19942
20010
20252
20313
20378
20524
20536
20649
20671
20964
20981
20998
21049
21089
21193
21253
21373
21714
21777
22187
22478
22614
22842
22900
22962
23064
23158
23165
23227
23501
23785
23834
23978
24022
24097
24202
24313
24334
24353
24508
24525
24534
24569
24585
24621
24649
24661
24726
24907
25057
25063
25181
25254
25382
25819
25846
26059
26273
26515
26522
26619
26644
26667
26670
27002
27010
27128
27155
27218
27235
27236
27299
27521
27525
27555
27567
27663
27991
28213
28331
28334
28335
28353
28541
28716
28765
28777
28801
28819
28910
28952
28971
29151
29219
29250
29416
29418
29451
29534
29621
29766
29786
29916
30047
30168
30201
30345
30495
30503
30851
30967
31037
31109
31336
31344
31347
31561
31730
31874
31926
32008
32018
32033
32257
32325
32361
32649
32936
33026
33048
33060
33069
33284
33287
33357
33485
33583
33592
33767
33772
33843
33845
33916
34191
34241
34252
34423
34625
34715
34775
34878
34913
34915
34926
34996
35023
35032
35179
35183
35201
35365
35404
35486
35532
35534
35595
35821
35880
35893
36005
36018
36022
36054
36139
36173
36576
36655
36686
36769
36884
37026
37107
37194
37210
37429
37658
37720
38082
38255
38400
38403
38427
38472
38523
38666
38685
38777
39012
39026
39174
39186
39277
39323
39505
39749
39773
39787
39808
39903
39918
39938
40043
40047
40139
40220
40283
40392
40595
40645
40661
40746
41062
41358
41515
41744
41850
41856
41875
41913
41936
41944
41990
42155
42297
42401
42506
42532
42604
42665
42770
42876
43019
43023
43038
43195
43222
43496
43520
43536
43545
43567
43685
43860
43951
44060
44089
44108
44289
44296
44299
44462
44490
44566
44668
44698
44713
44762
44944
45007
45070
45203
45318
45324
45604
45608
45728
45834
45869
45980
46081
46129
46145
46223
46376
46647
46705
46950
47089
47182
47271
47612
47724
47742
47784
47791
47819
47911
48124
48222
48325
48526
48614
48616
48838
48850
49052
49162
49173
49198
49206
49239
49293
49296
49326
49359
49597
49822
49849
51
207
492
507
621
659
799
875
896
950
1077
1504
1758
1836
1900
1930
1935
2167
2182
2183
2185
2343
2441
2479
2749
2759
2779
2979
3042
3049
3364
3395
3446
3487
3501
3580
3600
3859
3906
4167
4196
4218
4287
4303
4428
4441
4864
4871
5012
5191
5309
5315
5464
5497
5626
5628
5668
5723
5733
5742
5754
5831
6052
6140
6263
6361
6420
6559
6652
6684
7000
7138
7294
7306
7328
7347
7357
7478
7528
7534
7559
7666
7674
7787
7871
7947
8026
8079
8105
8109
8442
8450
8528
8535
8589
8670
8758
8794
8798
8858
8963
9028
9047
9054
9288
9295
9316
9340
9365
9603
9658
9821
9847
10014
10400
10520
10581
10717
10836
10956
11039
11078
11101
11128
11204
11282
11300
11505
11558
11577
11754
11802
11897
12672
12899
12930
12988
13142
13340
13372
13483
13561
13585
13737
14120
14655
14730
14766
14846
14871
14920
15045
15101
15290
15316
15413
15434
15443
15452
15705
15714
15827
15841
15846
15906
16290
16374
16468
16675
16780
16853
16930
16949
16988
17013
17081
17117
17211
17296
17418
17601
17673
17684
17718
17897
18060
18066
18168
18473
18499
18640
18700
18856
18949
19024
19087
19122
19229
19235
19377
19479
19496
19530
19733
19947
20074
20418
20424
20527
20573
20872
20933
20983
21023
21196
21260
21294
21319
21410
21444
21652
21769
21882
21907
21989
22149
22266
22267
22273
22471
22562
22593
22682
22727
22808
22868
22912
23081
23119
23504
23540
23594
23607
23620
23622
23644
23691
23830
23924
24025
24040
24094
24247
24441
24460
24507
24672
25409
25493
25548
25593
25613
25625
25643
25683
25803
26078
26082
26195
26293
26358
26566
26753
26759
26839
26845
26898
26943
26950
26980
27146
27206
27373
27439
27463
27539
27582
27786
27878
27966
28167
28200
28221
28533
28540
28545
28637
28863
28895
28933
29257
29287
29381
29477
29643
29654
29703
29764
29803
29812
29961
29973
29998
30116
30154
30338
30588
30640
30899
31006
31072
31231
31461
31619
31662
31760
31789
31811
31859
31904
32092
32110
32161
32255
32276
32445
32518
32600
32616
32661
32683
32757
32954
32977
33152
33214
33317
33449
33542
33645
33688
33757
33860
33869
33932
33945
34016
34226
34275
34583
34623
34650
34700
34701
34820
34876
34881
34931
35100
35207
35312
35332
35443
35458
35488
35539
35642
35688
35916
36291
36322
36486
36683
36873
36904
36982
37220
37335
37340
37459
37613
37639
37674
37765
37875
38140
38250
38357
38363
38369
38608
38674
38826
38944
38981
39063
39136
39176
39290
39345
39636
39719
39837
39840
39869
40042
40169
40350
40389
40424
40436
40487
40702
40845
40948
40980
41076
41080
41160
41179
41366
41420
41476
41540
42009
42058
42124
42244
42246
42593
42777
42925
42961
42966
43142
43270
43334
43690
43816
44069
44139
44181
44242
44372
44410
44483
44722
44850
44858
44984
45302
45345
45376
45383
45450
45685
45748
45880
45897
46149
46164
46167
46445
46567
46850
46902
46932
47092
47135
47502
47587
47649
48116
48150
48184
48203
48283
48611
48652
48732
48774
49203
49278
49366
49411
49560
49565
49577
49684
49786
72
91
368
376
726
852
876
927
1116
1150
1172
1199
1254
1271
1399
1401
1419
1543
1560
1586
1595
1676
1727
2398
2502
2556
2724
3006
3166
3174
3192
3244
3312
3374
3513
3647
3662
3763
3883
4023
4302
4488
4630
4670
4686
4858
4953
5318
5431
5478
5495
5496
5528
5681
5695
5800
5991
6010
6024
6205
6355
6381
6498
6549
6579
6908
7123
7126
7144
7240
7371
7479
7532
7622
8199
8349
8398
8549
8562
8648
8757
8990
8991
9033
9213
9543
9598
9759
9783
9840
9859
10051
10089
10172
10697
10807
10874
10884
10906
10932
11007
11275
11294
11618
11715
11729
11772
11820
11849
11881
11997
12080
12151
12196
12326
12348
12438
12490
12509
12632
12684
12704
12800
12812
12876
12944
13036
13521
13537
13553
13565
13595
13598
13902
14021
14064
14075
14180
14190
14247
14348
14409
14571
14672
14751
14814
14894
14900
15039
15090
15109
15239
15355
15410
15876
15890
15893
16034
16100
16170
16222
16240
16342
16716
16722
16817
16861
16865
16938
17164
17191
17213
17237
17297
17886
17904
17928
17935
18128
18148
18413
18649
18681
18734
18780
18789
18940
19038
19227
19283
19306
19535
19556
19585
19588
19604
19608
19945
20060
20178
20214
20368
20467
20581
20623
20683
20695
20988
21050
21055
21203
21220
21376
21501
21592
21856
21878
21879
21915
22168
22223
22363
22396
22399
22425
22503
22550
22858
22932
23048
23092
23212
23311
23389
23529
23531
23543
23571
23590
23770
23790
23801
23851
23871
23988
24072
24115
24274
24277
24289
24347
24403
24674
25043
25303
25344
25368
25466
25799
25964
26105
26223
26245
26539
26540
26631
26703
26863
27215
27287
27538
27571
27999
28315
28385
28397
28416
28422
28496
28619
28738
28900
28932
28957
28982
29027
29078
29354
29394
29424
29438
29614
29640
29754
29897
29899
29903
29944
30045
30143
30199
30236
30386
30439
30543
30625
30900
31091
31121
31187
31217
31377
31418
31677
31861
31951
32002
32052
32068
32138
32300
32323
32488
32521
32594
32711
32785
33158
33400
33420
33511
33572
33611
33806
33939
33970
34037
34083
34086
34376
34464
34535
34579
34667
34688
34813
34879
34922
35015
35064
35088
35096
35287
35355
35373
35820
35900
35927
35943
35993
36038
36105
36140
36273
36331
36451
36772
36797
36811
36867
37178
37351
37399
37496
37524
37588
37705
37806
37841
37968
38526
38652
38688
38801
38852
39060
39189
39232
39236
39372
39747
39799
39930
40183
40276
40288
40321
40861
40863
40993
41047
41072
41203
41868
41967
42017
42487
42580
42592
42846
42911
42921
42938
43108
43223
43240
43342
43525
43561
43591
43608
43709
43761
43812
43920
43953
44010
44018
44028
44140
44295
44303
44322
44334
44504
44628
44765
44849
45014
45080
45104
45160
45279
45305
45443
45569
45908
46038
46254
46317
46378
46404
46439
46492
46564
46668
47006
47018
47191
47242
47282
47312
47364
47422
47439
47465
47495
47573
47643
47711
47730
47746
47763
47767
47771
47815
47843
47853
47865
47946
47948
48017
48018
48069
48110
48167
48736
48770
48997
49051
49157
49241
49337
49372
49404
49420
49461
49698
49706
49784
573
596
699
781
928
1252
1300
1414
1743
1753
1760
1781
1792
1833
1898
1975
2004
2616
2644
2658
2676
2868
2888
2911
2940
2991
3350
3382
3552
3608
3698
3742
3769
3869
3948
4046
4199
4502
4511
4542
4551
4567
4620
4628
4687
4821
4842
4958
4986
5004
5166
5285
5511
5597
5642
5810
5867
5909
6178
6197
6225
6304
6305
6409
6535
6600
6793
6812
6965
6972
7199
7291
7513
7514
7616
7822
7826
7895
7930
8028
8057
8120
8157
8250
8282
8577
8633
8659
8702
8734
8890
8921
8929
9075
9166
9261
9389
9477
9548
9621
9711
9860
9864
10254
10509
10611
10616
10619
10793
11166
11284
11595
11616
11699
11817
12044
12256
12340
12350
12447
12488
12643
12709
12834
12859
12909
12966
12985
13413
13543
13584
13639
13689
13725
13743
13792
13988
14019
14037
14159
14182
14309
14362
14425
14447
14509
14785
14876
14924
14942
15041
15094
15164
15221
15273
15360
15396
15439
15577
15800
15957
15979
16091
16096
16145
16263
16534
16590
16704
16732
16965
17042
17108
17294
17743
17771
17812
17899
18013
18042
18225
18348
18377
18572
18607
18608
18738
18798
18945
19025
19052
19097
19141
19188
19234
19388
19724
19760
19928
19939
19963
20019
20051
20087
20091
20134
20240
20459
20465
20549
20553
20555
20636
20703
20761
20797
20855
21082
21145
21154
21274
21303
21324
21461
21566
21588
21595
21609
21718
21900
21953
21971
22012
22084
22105
22162
22248
22297
22338
22372
22380
22441
22451
22464
22519
22549
22578
22825
23019
23056
23065
23067
23122
23203
23301
23312
23380
23424
23435
23487
23692
23781
23857
23867
23899
23953
23965
24132
24151
24199
24526
24721
24725
24744
24761
24820
25118
25135
25137
25277
25541
25632
25767
25870
25959
25969
26048
26145
26206
26346
26387
26400
26475
26484
26710
26760
26789
27097
27220
27470
27570
27967
27976
28120
28289
28374
28550
28562
28715
28856
28892
29024
29244
29271
29321
29373
29632
29755
29799
29847
29901
30017
30078
30114
30175
30215
30251
30331
30423
30494
30569
31033
31049
31069
31226
31581
31620
31774
32487
32613
32646
32995
33012
33023
33118
33299
33479
33489
33914
33920
34239
34311
34431
34546
34670
34812
34886
34895
35005
35111
35245
35299
35320
35546
35630
35702
35745
35798
35850
35872
36032
36078
36179
36309
36396
36421
36714
36719
36748
36935
37111
37198
37217
37286
37324
37388
37475
37520
37586
37605
37757
37833
38148
38191
38192
38519
38554
38633
38638
38650
38681
38743
38789
38818
39154
39201
39331
39379
39592
39606
39759
39815
39851
39942
40149
40187
40254
40311
40313
40527
40547
40618
40625
40653
40773
40815
40901
40981
41085
41281
41382
41477
41484
41535
41771
41823
41865
41890
41893
41919
42185
42335
43035
43063
43093
43251
43401
43404
43972
44130
44376
44380
44425
44503
44758
45060
45065
45357
45932
45983
46056
46083
46134
46265
46293
46580
46643
46929
46976
47194
47233
47473
47531
47541
47601
47821
47939
48090
48125
48455
48473
48576
48582
48588
48643
48907
48929
49045
49055
49118
49260
49544
49586
49654
49676
49863
49928
49953
49965
49991
13
31
506
522
700
882
1100
1284
1433
1452
1553
1614
1724
1802
1960
1985
2186
2310
2784
2864
3079
3414
3436
3473
3579
3853
3880
3930
4153
4224
4590
4597
4743
4964
5037
5514
5761
5777
5789
5834
5985
6130
6174
6175
6419
6686
6735
6935
7030
7052
7153
7213
7457
7653
7697
7700
7710
7754
7969
7989
8044
8085
8388
8652
9173
9539
9945
10075
10131
10255
10402
10464
10534
10540
10730
10768
10838
10877
10880
11286
11522
11578
11719
11720
11740
11762
11824
11871
11961
12027
12104
12131
12140
12160
12242
12582
12656
12668
12698
12712
12779
12821
12828
12952
13000
13059
13136
13605
13887
14074
14342
14359
14416
14540
14687
14731
14769
14877
14919
14976
15275
15373
15463
15477
15878
15905
15917
15964
15967
16098
16128
16365
16477
16622
16850
16891
16914
16945
16994
17002
17058
17097
17161
17369
17413
17419
17496
17539
17572
17579
17705
17709
17716
17738
17877
18114
18127
18135
18244
18255
18264
18329
18376
18455
18520
18561
18619
18620
18697
18777
18846
18943
18959
19521
19546
19570
19594
19755
19784
20028
20053
20136
20243
20283
20513
20667
20689
20779
20803
20841
20846
20868
20900
20926
20976
20980
21011
21282
21498
21567
21809
21982
22161
22189
22356
22427
22458
22538
22577
22834
22844
22873
22927
22992
23002
23097
23145
23236
23368
23439
23466
23468
23599
23805
23950
23977
24537
24719
24821
24846
24988
25010
25087
25149
25170
25323
25327
25335
25612
25687
25706
25726
25791
26170
26364
26373
26425
26489
26495
26552
26653
26801
26870
26877
26949
26962
27068
27131
27176
27474
27507
27584
27933
28021
28044
28123
28183
28322
28401
28447
28454
28499
28565
28618
28643
28666
28701
28713
28741
28858
28882
28970
29126
29186
29188
29190
29255
29296
29300
29395
29413
29618
29781
29849
29864
29910
30085
30111
30196
30217
30330
30402
30446
30520
30668
31057
31110
31123
31305
31395
31490
31628
31652
31869
31933
32054
32167
32188
32200
32357
32476
32526
32615
32797
32803
32895
33123
33182
33224
33289
33360
33441
33500
33589
33669
33706
33719
33762
33839
33881
33912
33955
33972
33994
34024
34058
34087
34220
34259
34329
34439
34526
34721
34726
34759
34868
34966
35269
35416
35580
35657
35773
35779
35889
35929
35955
35977
36158
36221
36257
36352
36419
36586
36794
36800
37118
37675
37795
37817
37942
37985
37991
38005
38019
38078
38124
38239
38493
38513
38661
38737
39103
39271
39296
39312
39376
39384
39426
39472
39477
39546
39612
39654
39769
39909
39926
39955
39997
40232
40244
40300
40430
40481
40542
40652
40824
40855
40969
41090
41312
41468
41613
41654
41726
41761
41915
42012
42018
42113
42137
42272
42413
42423
42458
42508
42596
42609
42667
42857
43075
43115
43456
43475
43516
43848
43873
43931
44021
44204
44275
44481
44663
44696
44745
44783
44958
45288
45431
45479
46318
46484
46497
46583
46626
46773
46781
46858
46879
47159
47289
47347
47497
47646
47695
47749
47753
47782
47842
47906
47923
47927
48065
48287
48368
48454
48750
48764
48796
48901
48924
48938
49324
49328
49351
49403
49491
49538
49563
49809
49891
75
89
266
407
437
440
838
952
1005
1043
1242
1273
1454
1597
1859
1889
2003
2125
2434
2435
2554
2557
2560
2593
2671
2692
2778
2807
2811
2819
2854
3114
3252
3343
3556
3570
4107
4384
4386
4461
4605
4646
4764
4786
4798
5060
5169
5189
5205
5470
5477
5520
5809
5966
6028
6306
6431
6484
6605
6745
6764
7104
7149
7386
7557
7649
7908
7955
8004
8218
8346
8405
8583
8639
8936
8959
8965
9068
9100
9144
9414
9605
9622
9645
9654
9670
9705
9718
9774
9782
10065
10127
10144
10168
10359
10375
10419
10462
10536
10693
10696
10829
10993
11033
11061
11132
11159
11276
11385
11523
11574
11808
11893
11999
12008
12009
12530
12541
12585
12619
12660
12662
12886
12968
13030
13100
13148
13172
13269
13277
13292
13403
13417
13477
13606
13732
13785
13913
14085
14102
14107
14128
14279
14283
14431
14512
14633
14650
14694
14776
14811
14918
14977
15174
15212
15833
15969
16017
16527
16536
16584
16819
16929
17055
17061
17134
17146
17228
17232
17267
17430
17561
17748
17833
17907
18031
18176
18332
18500
18503
18541
18683
18692
18836
18847
18889
18932
19077
19197
19492
19577
19596
19627
19796
19921
20068
20112
20143
20174
20261
20386
20543
20557
20584
20720
20871
20939
20948
21078
21106
21190
21335
21348
21371
21442
21552
21650
21732
21770
21877
21942
21960
22017
22115
22322
22390
22397
22416
22438
22467
22976
22981
23148
23555
23573
23705
23725
23875
23958
24252
24271
24328
24472
24601
24602
24650
24795
24825
24839
25133
25182
25395
25531
25591
25714
25982
26101
26439
26711
26756
26792
26947
27120
27169
27221
27343
27371
27483
27613
27698
27748
27799
27830
27897
27943
27981
27989
28047
28048
28378
28389
28456
28519
28528
28829
29034
29210
29345
29811
29926
30043
30092
30216
30306
30489
30555
30580
30654
30738
30885
31256
31265
31274
31289
31340
31372
31512
31530
31539
31722
31736
31753
31800
31959
31961
31962
32101
32122
32191
32203
32209
32258
32431
32500
32565
32720
32775
32779
32792
32827
32952
32963
33131
33185
33199
33288
33432
33465
33587
33606
33848
33980
34023
34175
34411
34561
34806
34889
34994
35004
35061
35247
35267
35395
35442
35525
35637
35651
35793
35902
35917
35942
35968
36037
36152
36259
36280
36347
36385
36525
36687
36689
36707
36761
36791
36802
36886
37016
37124
37129
37181
37193
37203
37225
37638
37843
37924
37961
37966
38092
38118
38170
38338
38379
38448
38498
38535
38676
38716
38719
38776
38921
38974
38976
39132
39149
39184
39440
39460
39521
39571
39583
39706
40085
40207
40363
40443
40498
40615
40752
40907
40946
41005
41094
41165
41219
41302
41344
41405
41532
41576
41949
42153
42310
42406
42420
42573
42724
42736
42953
42969
43059
43156
43183
43287
43586
43649
43749
43832
43870
44061
44118
44274
44307
44368
44489
44530
44591
44655
44938
44991
45162
45188
45596
45598
45663
45730
45817
45833
46035
46329
46367
46386
46500
46578
46622
46712
46753
46854
46884
46925
47090
47098
47192
47373
47407
47750
47884
47987
48232
48346
48761
48813
49032
49129
49145
49243
49342
49433
49759
0
137
180
224
278
351
430
529
683
686
762
818
870
1052
1156
1177
1279
1336
1470
1821
1850
1947
2208
2370
2409
2454
2697
2767
3046
3203
3255
3386
3416
3607
3611
3706
3718
3840
4038
4074
4136
4141
4283
4289
4356
4403
4583
4592
4639
4876
4919
4993
5383
5397
5494
5540
5750
5783
5824
5833
5920
5922
5946
5979
6075
6238
6286
6348
6453
6556
6658
7009
7128
7293
7298
7384
7574
7689
7692
7698
7706
7709
7821
8097
8252
8360
8428
8647
8687
8789
8902
8924
8975
9027
9205
9220
9224
9251
9405
9420
9423
9482
9502
9561
9590
9612
9618
9878
9986
10090
10093
10097
10285
10360
10508
10570
10705
11019
11148
11214
11241
11668
11765
12118
12215
12342
12376
12460
12544
12566
12628
12679
12989
13002
13047
13282
13498
13586
13710
13872
13919
13983
14046
14501
14565
14583
14616
14911
15065
15068
15104
15250
15279
15333
15411
15493
15495
15561
15732
15735
15847
15855
15891
15918
15941
16010
16162
16186
16197
16569
16642
16659
16807
16908
17371
17444
17717
17741
17773
17847
17972
18019
18084
18120
18134
18178
18180
18220
18419
18440
18443
18444
18448
18457
18493
18628
18633
18660
18686
18793
18939
19008
19071
19498
19519
19593
19605
19683
19932
19966
20002
20005
20121
20197
20268
20286
20303
20440
20489
20597
20607
20664
21116
21184
21314
21425
21448
21778
21815
22013
22034
22153
22182
22255
22295
22409
22482
22515
22587
22653
22964
22978
23073
23113
23183
23189
23197
23230
23319
23341
23346
23448
23449
23476
23503
23549
23659
23713
23771
23946
24181
24283
24350
24439
24477
24816
25069
25173
25588
25627
25827
25838
25925
25953
26011
26037
26277
26339
26385
26823
26824
26861
26871
26935
27023
27045
27095
27164
27589
27681
27752
27806
27995
28138
28158
28223
28350
28663
28824
28880
28884
28927
28983
29230
29357
29392
29433
29555
29592
29661
29780
29784
29808
29824
30005
30046
30072
30296
30452
30729
30909
30947
31183
31229
31332
31384
31415
31690
31712
31790
31854
31885
32015
32102
32144
32182
32371
32415
32427
32468
32637
32718
32840
32912
32994
33059
33181
33559
33564
33602
33818
33960
34017
34238
34290
34736
34860
34880
34999
35127
35184
35477
35558
35624
35758
35765
35812
35874
35912
35982
36011
36134
36452
36499
36580
36660
36681
36875
37100
37140
37204
37207
37297
37308
37317
37481
37835
37847
37885
38037
38099
38116
38243
38287
38332
38428
38480
38640
38846
38897
38956
38978
39002
39074
39096
39390
39559
39578
39609
39610
39853
39873
39895
39896
39936
39961
40063
40121
40133
40373
40480
40658
40669
40751
40825
41075
41243
41367
41450
41699
41897
41911
41938
42000
42125
42182
42249
42331
42368
42395
42771
42867
42900
43221
43244
43329
43379
43499
43621
43817
44006
44040
44231
44324
44362
44475
44531
44613
44624
44640
44742
45169
45315
45771
46085
46229
46290
46467
46468
46563
46880
47129
47308
47768
47945
48051
48061
48193
48275
48276
48348
48472
48497
48577
48620
48648
48684
48802
48912
48937
48947
49200
49377
49450
49453
49628
49758
49770
49945
49974
